Date,Open,High,Low,Close,Volume,Last,Bid,Ask,Dif Bid Ask
2020-01-01,7194.89208984375,7254.33056640625,7174.9443359375,7200.17431640625,18565664996,7168.36,7164.4,7170.96,6.5600000000004
2020-01-02,7202.55126953125,7212.1552734375,6935.27001953125,6985.47021484375,20802083465,7178.68,7172.68,7178.42,5.739999999999782
2020-01-03,6984.4287109375,7413.71533203125,6914.99609375,7344.88427734375,28111481031,6945.7,6944.67,6949.09,4.420000000000073
2020-01-04,7345.37548828125,7427.3857421875,7309.51416015625,7410.65673828125,18444271274,7332.59,7332.59,7338.91,6.319999999999709
2020-01-05,7410.45166015625,7544.4970703125,7400.53564453125,7411.3173828125,19725074094,7344.48,7344.48,7350.67,6.190000000000509
2020-01-06,7410.4521484375,7781.8671875,7409.29296875,7769.21923828125,23276261598,7356.7,7352.12,7356.7,4.579999999999927
2020-01-07,7768.68212890625,8178.2158203125,7768.2275390625,8163.6923828125,28767291326,7762.74,7767.75,7773.52,5.770000000000437
2020-01-08,8161.935546875,8396.73828125,7956.7744140625,8079.86279296875,31672559264,8159.01,8151.79,8156.99,5.199999999999818
2020-01-09,8082.2958984375,8082.2958984375,7842.40380859375,7879.0712890625,24045990465,8048.94,8043.07,8048.94,5.869999999999891
2020-01-10,7878.3076171875,8166.55419921875,7726.77490234375,8166.55419921875,28714583843,7806.78,7808.68,7813.71,5.029999999999745
2020-01-11,8162.19091796875,8218.359375,8029.64208984375,8037.53759765625,25521165085,8200.1,8197.51,8201.19,3.680000000000291
2020-01-12,8033.26171875,8200.0634765625,8009.05908203125,8192.494140625,22903438381,8016.22,8013.04,8017.22,4.180000000000291
2020-01-13,8189.77197265625,8197.7880859375,8079.70068359375,8144.1943359375,22482910687,8180.76,8180.75,8184.0,3.25
2020-01-14,8140.93310546875,8879.51171875,8140.93310546875,8827.7646484375,44841784107,8110.14,8105.35,8111.91,6.559999999999491
2020-01-15,8825.34375,8890.1171875,8657.1875,8807.0107421875,40102834649,8808.3,8800.99,8811.34,10.350000000000364
2020-01-16,8812.4814453125,8846.4609375,8612.095703125,8723.7861328125,31313981930,8810.62,8808.88,8814.71,5.829999999999927
2020-01-17,8725.2099609375,8958.1220703125,8677.31640625,8929.0380859375,36372139320,8713.52,8713.52,8718.94,5.420000000000073
2020-01-18,8927.2119140625,9012.1982421875,8827.33203125,8942.80859375,32337772626,8904.29,8891.58,8899.22,7.639999999999418
2020-01-19,8941.4453125,9164.3623046875,8620.080078125,8706.2451171875,34217320471,8901.02,8901.02,8911.8,10.779999999998836
2020-01-20,8704.6318359375,8745.5908203125,8560.4736328125,8657.642578125,26422375678,8698.97,8694.19,8699.96,5.769999999998618
2020-01-21,8658.9912109375,8755.7060546875,8544.5205078125,8745.89453125,24097418512,8625.17,8629.2,8634.05,4.849999999998545
2020-01-22,8744.2109375,8792.994140625,8636.7470703125,8680.8759765625,22600204050,8728.47,8724.18,8728.47,4.289999999999054
2020-01-23,8680.650390625,8687.7470703125,8333.6376953125,8406.515625,25770680778,8655.93,8660.39,8661.63,1.2399999999997817
2020-01-24,8405.5673828125,8514.6669921875,8266.8408203125,8445.4345703125,24397913025,8382.08,8380.02,8386.1,6.079999999999927
2020-01-25,8440.119140625,8458.453125,8296.21875,8367.84765625,19647331548,8435.83,8422.11,8435.82,13.709999999999127
2020-01-26,8364.41015625,8602.4013671875,8325.498046875,8596.830078125,22177678795,8319.4,8317.65,8326.3,8.649999999999636
2020-01-27,8597.30859375,8977.7265625,8597.30859375,8909.8193359375,28647338393,8600.0,8600.0,8601.91,1.9099999999998545
2020-01-28,8912.5244140625,9358.58984375,8908.447265625,9358.58984375,34398744402,8894.57,8893.27,8894.57,1.2999999999992724
2020-01-29,9357.470703125,9406.431640625,9269.4677734375,9316.6298828125,30682598115,9395.0,9390.37,9395.07,4.699999999998909
2020-01-30,9316.0166015625,9553.1259765625,9230.8974609375,9508.9931640625,32378792850,9290.0,9280.83,9290.0,9.170000000000073
2020-01-31,9508.3134765625,9521.7060546875,9230.7763671875,9350.529296875,29432489719,9510.84,9498.71,9510.84,12.130000000001019
2020-02-01,9346.357421875,9439.3232421875,9313.2392578125,9392.875,25922656496,9344.76,9330.23,9343.96,13.729999999999563
2020-02-02,9389.8203125,9468.7978515625,9217.82421875,9344.365234375,30835736946,9379.6,9377.17,9379.6,2.430000000000291
2020-02-03,9344.68359375,9540.3720703125,9248.6337890625,9293.521484375,30934096508,9329.39,9312.28,9329.62,17.340000000000146
2020-02-04,9292.841796875,9331.265625,9112.8115234375,9180.962890625,29893183716,9288.09,9281.0,9288.14,7.139999999999418
2020-02-05,9183.416015625,9701.2998046875,9163.7041015625,9613.423828125,35222060874,9159.37,9159.36,9168.5,9.139999999999418
2020-02-06,9617.8212890625,9824.619140625,9539.818359375,9729.8017578125,37628823715,9622.72,9612.49,9626.72,14.229999999999563
2020-02-07,9726.0029296875,9834.716796875,9726.0029296875,9795.943359375,34522718159,9754.63,9754.63,9759.0,4.3700000000008
2020-02-08,9793.0703125,9876.7490234375,9678.91015625,9865.119140625,35172043761,9803.71,9803.71,9814.36,10.650000000001455
2020-02-09,9863.89453125,10129.435546875,9850.392578125,10116.673828125,35807884663,9902.0,9902.0,9907.7,5.700000000000728
2020-02-10,10115.5595703125,10165.765625,9784.5634765625,9856.611328125,39386548074,10173.97,10162.97,10173.92,10.950000000000728
2020-02-11,9855.8916015625,10210.052734375,9729.3349609375,10208.236328125,37648059388,9851.99,9850.01,9851.99,1.9799999999995634
2020-02-12,10202.3876953125,10393.611328125,10202.3876953125,10326.0546875,43444303830,10268.98,10268.99,10278.41,9.420000000000073
2020-02-13,10323.9609375,10457.626953125,10116.1611328125,10214.3798828125,49356071372,10348.78,10348.78,10352.18,3.399999999999636
2020-02-14,10211.55078125,10321.99609375,10125.5341796875,10312.1162109375,43338264161,10228.67,10228.86,10238.55,9.68999999999869
2020-02-15,10313.8564453125,10341.5556640625,9874.427734375,9889.4248046875,43865054831,10364.04,10364.04,10374.17,10.1299999999992
2020-02-16,9889.1796875,10053.96875,9722.38671875,9934.43359375,43374780305,9899.78,9899.78,9909.72,9.93999999999869
2020-02-17,9936.560546875,9938.8154296875,9507.6376953125,9690.142578125,45998298412,9925.96,9912.79,9925.96,13.169999999998254
2020-02-18,9691.23046875,10161.935546875,9632.3828125,10141.99609375,47271023953,9697.15,9707.42,9717.89,10.469999999999345
2020-02-19,10143.798828125,10191.67578125,9611.2236328125,9633.38671875,46992019709,10190.35,10186.08,10190.35,4.270000000000437
2020-02-20,9629.3251953125,9643.216796875,9507.900390625,9608.4755859375,44925260236,9595.72,9589.75,9599.78,10.030000000000655
2020-02-21,9611.7822265625,9723.0146484375,9589.7431640625,9686.44140625,40930547512,9612.76,9602.34,9610.4,8.05999999999949
2020-02-22,9687.70703125,9698.2314453125,9600.728515625,9663.181640625,35838025154,9696.13,9691.77,9696.13,4.359999999998763
2020-02-23,9663.318359375,9937.404296875,9657.791015625,9924.515625,41185185761,9668.13,9664.08,9668.13,4.049999999999272
2020-02-24,9921.5830078125,9951.74609375,9537.04296875,9650.1748046875,45080496648,9969.79,9968.44,9983.29,14.850000000000364
2020-02-25,9651.3125,9652.7373046875,9305.021484375,9341.705078125,42515259129,9664.87,9652.58,9664.87,12.290000000000873
2020-02-26,9338.2900390625,9354.7783203125,8704.4267578125,8820.5224609375,50420050761,9305.4,9297.78,9305.4,7.619999999998981
2020-02-27,8825.09375,8932.892578125,8577.19921875,8784.494140625,45470195695,8783.66,8773.53,8783.6,10.069999999999709
2020-02-28,8788.728515625,8890.4560546875,8492.9326171875,8672.455078125,44605450442,8816.5,8814.01,8819.84,5.829999999999927
2020-02-29,8671.212890625,8775.6318359375,8599.5087890625,8599.5087890625,35792392544,8703.84,8701.47,8710.0,8.530000000000655
2020-03-01,8599.7587890625,8726.796875,8471.212890625,8562.4541015625,35349164300,8527.74,8525.0,8526.24,1.2399999999997817
2020-03-02,8563.2646484375,8921.30859375,8532.630859375,8869.669921875,42857674408,8528.95,8518.66,8528.95,10.290000000000873
2020-03-03,8865.3876953125,8901.5986328125,8704.990234375,8787.7861328125,42386715820,8919.57,8915.23,8919.57,4.3400000000001455
2020-03-04,8788.5419921875,8843.3662109375,8712.431640625,8755.24609375,34746706368,8755.45,8750.28,8755.45,5.170000000000073
2020-03-05,8760.28515625,9142.0546875,8757.25390625,9078.7626953125,39698054597,8753.28,8753.61,8762.17,8.55999999999949
2020-03-06,9078.30859375,9167.6953125,9032.0791015625,9122.5458984375,40826885650,9066.65,9062.15,9070.77,8.6200000000008
2020-03-07,9121.6005859375,9163.220703125,8890.744140625,8909.9541015625,36216930369,9153.79,9153.69,9159.9,6.209999999999127
2020-03-08,8908.2060546875,8914.34375,8105.2529296875,8108.1162109375,39973102120,8893.93,8893.95,8901.12,7.170000000000073
2020-03-09,8111.146484375,8177.79345703125,7690.09814453125,7923.64453125,46936995808,7878.96,7873.36,7879.63,6.270000000000437
2020-03-10,7922.14697265625,8136.9453125,7814.76318359375,7909.7294921875,42213940993,7956.8,7955.0,7961.02,6.020000000000437
2020-03-11,7910.08984375,7950.814453125,7642.8125,7911.43017578125,38682762604,7957.27,7951.77,7969.15,17.3799999999992
2020-03-12,7913.6162109375,7929.1162109375,4860.35400390625,4970.7880859375,53980357243,5798.25,5789.88,5798.12,8.239999999999782
2020-03-13,5017.8310546875,5838.11474609375,4106.98095703125,5563.70703125,74156772074,5686.34,5672.07,5686.34,14.270000000000437
2020-03-14,5573.07763671875,5625.2265625,5125.0693359375,5200.3662109375,36154506007,5266.26,5266.22,5266.26,0.03999999999996362
2020-03-15,5201.06689453125,5836.64501953125,5169.283203125,5392.31494140625,33997889638,5350.55,5343.91,5358.5,14.590000000000146
2020-03-16,5385.2294921875,5385.2294921875,4575.35791015625,5014.47998046875,45368026429,4929.16,4929.37,4937.75,8.38000000000011
2020-03-17,5002.578125,5371.3486328125,4981.9091796875,5225.62939453125,38622642935,5456.36,5448.54,5455.94,7.399999999999636
2020-03-18,5227.11376953125,5331.833984375,5069.3359375,5238.4384765625,37878801016,5361.81,5358.15,5364.47,6.3200000000006185
2020-03-19,5245.41650390625,6329.73583984375,5236.96875,6191.19287109375,51000731797,6296.02,6296.02,6306.33,10.30999999999949
2020-03-20,6191.65380859375,6844.26171875,5865.78173828125,6198.7783203125,54442976102,6154.76,6156.64,6165.72,9.079999999999927
2020-03-21,6206.521484375,6378.13525390625,5932.8232421875,6185.06640625,42494390879,6159.91,6156.11,6167.72,11.610000000000582
2020-03-22,6185.55810546875,6359.697265625,5823.7138671875,5830.2548828125,40099664740,5883.75,5868.0,5878.24,10.239999999999782
2020-03-23,5831.37451171875,6443.9345703125,5785.00439453125,6416.31494140625,46491915999,6463.37,6472.63,6477.4,4.769999999999527
2020-03-24,6436.642578125,6789.02294921875,6411.06640625,6734.8037109375,48221910672,6788.86,6782.71,6789.98,7.269999999999527
2020-03-25,6738.716796875,6892.51123046875,6536.92626953125,6681.06298828125,44590107887,6700.62,6700.14,6706.97,6.829999999999927
2020-03-26,6675.1708984375,6735.4638671875,6590.962890625,6716.4404296875,35319797641,6713.43,6713.57,6720.33,6.760000000000218
2020-03-27,6719.38916015625,6793.83642578125,6466.70166015625,6469.79833984375,34585598366,6674.37,6668.67,6673.53,4.859999999999673
2020-03-28,6467.25390625,6467.5009765625,6117.837890625,6242.19384765625,34885225901,6228.66,6223.78,6230.22,6.440000000000509
2020-03-29,6245.62451171875,6250.46728515625,5920.0859375,5922.04296875,28373690930,5918.49,5912.25,5918.49,6.239999999999782
2020-03-30,5925.53857421875,6517.19580078125,5903.234375,6429.841796875,37101651525,6482.36,6468.9,6476.98,8.079999999999927
2020-03-31,6430.6064453125,6504.51513671875,6374.162109375,6438.64453125,32786468812,6442.55,6444.05,6450.69,6.639999999999418
2020-04-01,6437.3193359375,6612.57373046875,6202.37353515625,6606.7763671875,40346426265,6545.47,6542.13,6551.41,9.279999999999745
2020-04-02,6606.7763671875,7088.24755859375,6595.91845703125,6793.62451171875,47660646124,6855.87,6844.02,6851.22,7.199999999999818
2020-04-03,6797.396484375,7003.220703125,6673.3359375,6733.38720703125,38976504902,6770.84,6771.26,6782.57,11.30999999999949
2020-04-04,6738.3828125,6878.95361328125,6696.48486328125,6867.52734375,33185988583,6850.48,6850.58,6861.17,10.590000000000146
2020-04-05,6862.53759765625,6883.4140625,6715.92919921875,6791.12939453125,29510409856,6802.73,6802.73,6809.97,7.240000000000691
2020-04-06,6788.0498046875,7271.78125,6782.8896484375,7271.78125,46896904614,7282.74,7276.5,7282.74,6.239999999999782
2020-04-07,7273.64404296875,7427.939453125,7136.71435546875,7176.41455078125,44243482667,7178.27,7169.21,7177.67,8.460000000000036
2020-04-08,7179.283203125,7356.2236328125,7153.3056640625,7334.0986328125,37563249548,7358.02,7357.24,7365.04,7.800000000000182
2020-04-09,7337.96630859375,7341.4482421875,7179.09423828125,7302.08935546875,34815139177,7322.61,7316.26,7322.91,6.649999999999636
2020-04-10,7303.8154296875,7303.8154296875,6802.47509765625,6865.4931640625,43622840991,6872.72,6865.64,6875.39,9.75
2020-04-11,6867.4404296875,6926.06982421875,6789.9208984375,6859.0830078125,31222085946,6874.62,6868.16,6872.47,4.3100000000004
2020-04-12,6858.06787109375,7119.947265625,6811.078125,6971.091796875,35759567632,7037.96,7038.11,7045.49,7.380000000000109
2020-04-13,6965.61669921875,6965.61669921875,6668.259765625,6845.03759765625,38619308647,6887.47,6888.88,6894.21,5.329999999999927
2020-04-14,6843.28173828125,6958.55712890625,6793.8212890625,6842.427734375,34110434051,6888.76,6882.06,6887.52,5.460000000000036
2020-04-15,6845.5615234375,6928.66455078125,6633.40283203125,6642.10986328125,32288311030,6715.03,6712.14,6716.14,4.0
2020-04-16,6640.4541015625,7134.45068359375,6555.50439453125,7116.80419921875,46783242376,7171.74,7170.12,7176.57,6.449999999999818
2020-04-17,7116.552734375,7167.18310546875,7050.33203125,7096.1845703125,32513423567,7053.95,7060.0,7061.19,1.1899999999995998
2020-04-18,7092.29150390625,7269.95654296875,7089.2470703125,7257.6650390625,32447188385,7271.14,7271.13,7276.99,5.859999999999673
2020-04-19,7260.92236328125,7280.52197265625,7167.0546875,7189.4248046875,31311210215,7177.43,7179.89,7183.65,3.759999999999309
2020-04-20,7186.87353515625,7240.29052734375,6835.5029296875,6881.95849609375,37747113935,6890.08,6886.02,6890.08,4.059999999999491
2020-04-21,6879.7841796875,6934.5517578125,6834.4423828125,6880.3232421875,32589741510,6906.41,6901.07,6906.39,5.3200000000006185
2020-04-22,6879.4404296875,7145.86572265625,6867.78173828125,7117.20751953125,33249153865,7119.57,7119.57,7122.22,2.6500000000005457
2020-04-23,7121.30615234375,7491.78515625,7081.5947265625,7429.724609375,43500782316,7573.15,7571.15,7574.6,3.4500000000007276
2020-04-24,7434.181640625,7574.19580078125,7434.181640625,7550.90087890625,34636526285,7489.47,7488.66,7496.52,7.860000000000582
2020-04-25,7550.48291015625,7641.36376953125,7521.67236328125,7569.93603515625,32941541446,,,,
2020-04-26,7570.13916015625,7700.59423828125,7561.40771484375,7679.8671875,33070154490,7619.69,7618.93,7625.17,6.239999999999782
2020-04-27,7679.4189453125,7795.60107421875,7679.4189453125,7795.60107421875,36162144724,7776.55,7777.32,7784.51,7.190000000000509
2020-04-28,7796.97021484375,7814.52734375,7730.806640625,7807.05859375,33187959920,7762.78,7761.9,7766.55,4.650000000000546
2020-04-29,7806.71240234375,8871.75390625,7786.04931640625,8801.0380859375,60201052202,8768.74,8760.55,8768.73,8.180000000000291
2020-04-30,8797.669921875,9440.650390625,8533.255859375,8658.5537109375,66964629541,8764.55,8762.61,8771.2,8.590000000000146
2020-05-01,8672.7822265625,9048.0234375,8667.763671875,8864.7666015625,44068389996,8841.73,8842.71,8845.99,3.280000000000655
2020-05-02,8869.0576171875,9007.1875,8811.3662109375,8988.5966796875,40134388683,8939.96,8942.1,8950.49,8.389999999999418
2020-05-03,8983.6142578125,9167.78125,8830.9716796875,8897.46875,47101785174,8911.46,8903.21,8911.26,8.050000000001091
2020-05-04,8895.7451171875,8956.90625,8645.0244140625,8912.654296875,45718796275,8887.46,8880.42,8887.36,6.940000000000509
2020-05-05,8912.83203125,9062.4150390625,8856.8271484375,9003.0703125,43148462663,8984.18,8969.64,8980.76,11.1200000000008
2020-05-06,9007.44140625,9411.4677734375,8966.7060546875,9268.76171875,49371886931,9382.06,9378.95,9383.63,4.679999999998472
2020-05-07,9261.8955078125,9992.6640625,9138.322265625,9951.5185546875,61112700562,9904.86,9904.6,9909.83,5.229999999999563
2020-05-08,9936.162109375,9996.7431640625,9767.1728515625,9842.666015625,51780748041,9886.48,9886.48,9896.07,9.590000000000146
2020-05-09,9840.90625,9913.86328125,9580.64453125,9593.896484375,46566121841,9601.81,9592.97,9601.81,8.840000000000146
2020-05-10,9591.1689453125,9595.5810546875,8395.107421875,8756.4306640625,63325279336,8784.28,8782.02,8784.28,2.2600000000002183
2020-05-11,8755.53515625,9033.470703125,8374.3232421875,8601.7958984375,57119858801,8600.81,8600.83,8608.52,7.690000000000509
2020-05-12,8610.3857421875,8949.8984375,8569.6435546875,8804.4775390625,42142717533,8820.11,8817.66,8820.11,2.4500000000007276
2020-05-13,8805.3876953125,9317.87890625,8805.3876953125,9269.9873046875,45558144023,9324.62,9323.53,9332.67,9.139999999999418
2020-05-14,9271.3291015625,9793.2685546875,9255.03515625,9733.7216796875,56426907637,9758.29,9753.92,9763.39,9.469999999999345
2020-05-15,9734.291015625,9755.828125,9261.3984375,9328.197265625,48158802327,9365.69,9362.66,9369.25,6.5900000000001455
2020-05-16,9333.240234375,9564.205078125,9260.6943359375,9377.013671875,36164766407,9418.82,9413.29,9418.83,5.539999999999054
2020-05-17,9374.9296875,9823.001953125,9349.5458984375,9670.7392578125,40084250662,9683.97,9677.95,9685.0,7.049999999999272
2020-05-18,9675.6953125,9906.0302734375,9570.359375,9726.5751953125,41827139895,9711.14,9711.14,9718.26,7.1200000000008
2020-05-19,9727.0634765625,9836.0478515625,9539.6240234375,9729.0380859375,39254288954,9758.78,9760.1,9761.1,1.0
2020-05-20,9725.3291015625,9804.7939453125,9447.201171875,9522.9814453125,36546239702,9516.31,9514.95,9520.76,5.809999999999491
2020-05-21,9522.740234375,9555.2421875,8869.9306640625,9081.76171875,39326160532,9114.59,9114.77,9119.79,5.020000000000437
2020-05-22,9080.3349609375,9232.9365234375,9008.638671875,9182.5771484375,29810773699,9198.09,9192.8,9199.47,6.670000000000073
2020-05-23,9185.0625,9302.501953125,9118.1083984375,9209.287109375,27727866811,9233.15,9226.3,9233.41,7.110000000000582
2020-05-24,9212.283203125,9288.404296875,8787.2509765625,8790.3681640625,32518803299,9037.76,9038.4,9040.44,2.040000000000873
2020-05-25,8786.107421875,8951.005859375,8719.66796875,8906.9345703125,31288157264,8906.3,8900.36,8908.12,7.760000000000218
2020-05-26,8909.5859375,8991.9677734375,8757.2939453125,8835.052734375,29584186947,8829.3,8830.27,8836.01,5.739999999999782
2020-05-27,8837.380859375,9203.3203125,8834.1572265625,9181.017578125,32740536902,9104.07,9096.23,9103.61,7.380000000001019
2020-05-28,9184.9453125,9546.3193359375,9148.45703125,9525.7509765625,34367073114,9488.74,9488.74,9489.48,0.7399999999997817
2020-05-29,9528.35546875,9573.6669921875,9379.3388671875,9439.1240234375,32896642044,9424.95,9424.95,9429.95,5.0
2020-05-30,9438.9140625,9704.0302734375,9366.7294921875,9700.4140625,32722975141,9729.1,9727.33,9733.1,5.770000000000437
2020-05-31,9700.10546875,9700.34375,9432.296875,9461.05859375,27773290298,9456.08,9450.51,9456.06,5.549999999999272
2020-06-01,9463.60546875,10199.5654296875,9450.8994140625,10167.2685546875,35198901068,9756.44,9755.42,9755.9,0.47999999999956344
2020-06-02,10162.9736328125,10182.3408203125,9460.5712890625,9529.8037109375,39137252108,9498.0,9494.66,9502.09,7.430000000000291
2020-06-03,9533.7607421875,9682.859375,9471.8466796875,9656.7177734375,25007459262,9611.27,9607.39,9612.33,4.940000000000509
2020-06-04,9655.8544921875,9887.6103515625,9525.2470703125,9800.63671875,25921805071,9824.17,9819.59,9827.07,7.479999999999563
2020-06-05,9800.2158203125,9869.2373046875,9663.216796875,9665.533203125,23509628646,9674.8,9674.8,9679.57,4.770000000000437
2020-06-06,9664.904296875,9773.431640625,9591.0244140625,9653.6796875,20438419222,9643.15,9643.15,9649.17,6.020000000000437
2020-06-07,9653.0029296875,9768.498046875,9458.150390625,9758.8525390625,25015250845,9763.35,9763.41,9768.2,4.790000000000873
2020-06-08,9760.0634765625,9782.306640625,9675.8857421875,9771.4892578125,21486346311,9704.08,9696.13,9703.99,7.860000000000582
2020-06-09,9774.3603515625,9836.369140625,9664.7197265625,9795.7001953125,23717842782,9779.66,9778.47,9782.59,4.1200000000008
2020-06-10,9794.119140625,9908.896484375,9728.291015625,9870.0947265625,25706567600,9896.53,9893.82,9901.55,7.729999999999563
2020-06-11,9870.078125,9938.2978515625,9263.0693359375,9321.78125,30247143440,9313.47,9313.0,9319.66,6.6599999999998545
2020-06-12,9320.6904296875,9540.4658203125,9285.8515625,9480.84375,22610564515,9476.1,9472.77,9479.15,6.3799999999992
2020-06-13,9480.7353515625,9493.2119140625,9396.009765625,9475.27734375,17564322315,9436.91,9436.64,9437.01,0.37000000000080036
2020-06-14,9477.5537109375,9482.2705078125,9347.59375,9386.7880859375,18991732745,9378.51,9378.78,9383.59,4.809999999999491
2020-06-15,9386.03515625,9504.8603515625,8990.17578125,9450.7021484375,26699704768,9428.66,9426.57,9432.53,5.960000000000946
2020-06-16,9454.2666015625,9579.4306640625,9400.4453125,9538.0244140625,21565537208,9522.11,9522.16,9524.97,2.8099999999994907
2020-06-17,9533.7841796875,9540.4228515625,9327.33984375,9480.2548828125,20177709879,9438.28,9436.09,9441.15,5.059999999999491
2020-06-18,9481.5673828125,9482.7822265625,9328.3955078125,9411.8408203125,17770083002,9367.1,9372.28,9372.41,0.12999999999919964
2020-06-19,9410.2939453125,9440.8759765625,9274.2958984375,9288.0185546875,19632223107,9288.95,9285.59,9292.0,6.4099999999998545
2020-06-20,9290.9599609375,9394.9716796875,9247.3798828125,9332.3408203125,17130541557,9374.62,9375.09,9378.66,3.569999999999709
2020-06-21,9330.9267578125,9401.107421875,9300.4306640625,9303.6298828125,15324301168,9305.85,9295.72,9302.13,6.4099999999998545
2020-06-22,9300.9150390625,9655.0732421875,9296.8720703125,9648.7177734375,21104009513,9683.69,9680.63,9683.69,3.0600000000013097
2020-06-23,9644.076171875,9670.541015625,9547.2470703125,9629.658203125,17006433272,9607.83,9607.29,9611.13,3.8399999999983265
2020-06-24,9632.1494140625,9680.3671875,9278.2333984375,9313.6103515625,18961716075,9290.1,9288.47,9293.79,5.320000000001528
2020-06-25,9314.126953125,9340.1611328125,9095.32421875,9264.8134765625,18616048626,9256.48,9249.31,9255.55,6.239999999999782
2020-06-26,9260.9951171875,9310.5166015625,9101.73828125,9162.91796875,18341465836,9166.47,9166.47,9169.35,2.8800000000010186
2020-06-27,9167.82421875,9207.810546875,8998.216796875,9045.390625,17273093144,8957.11,8956.4,8968.91,12.510000000000218
2020-06-28,9048.4609375,9197.546875,8975.525390625,9143.58203125,14560870760,9096.88,9096.99,9100.72,3.7299999999995634
2020-06-29,9140.029296875,9237.5732421875,9041.8759765625,9190.8544921875,16460547078,9178.34,9182.57,9188.52,5.950000000000728
2020-06-30,9185.5810546875,9217.8359375,9084.837890625,9137.9931640625,15735797743,9131.84,9130.32,9133.45,3.1300000000010186
2020-07-01,9145.9853515625,9309.7548828125,9104.7353515625,9228.3251953125,15971550355,9248.61,9243.21,9248.16,4.950000000000728
2020-07-02,9231.1396484375,9274.962890625,9036.623046875,9123.41015625,16338916796,9106.9,9101.8,9106.89,5.0900000000001455
2020-07-03,9124.8427734375,9202.3447265625,9058.794921875,9087.3037109375,13078970998,9084.99,9080.9,9084.99,4.0900000000001455
2020-07-04,9084.2333984375,9183.2958984375,9053.6298828125,9132.48828125,12290528515,9126.99,9127.0,9133.33,6.329999999999927
2020-07-05,9126.0908203125,9162.18359375,8977.015625,9073.9423828125,12903406143,9076.32,9082.21,9087.99,5.780000000000655
2020-07-06,9072.849609375,9375.474609375,9058.6640625,9375.474609375,17889263251,9293.76,9294.13,9297.49,3.360000000000582
2020-07-07,9349.1611328125,9360.6171875,9201.8154296875,9252.27734375,13839652594,9245.36,9245.57,9249.3,3.7299999999995634
2020-07-08,9253.0205078125,9450.3359375,9249.5,9428.3330078125,19702359882,9454.1,9454.1,9455.09,0.9899999999997817
2020-07-09,9427.994140625,9431.37890625,9234.9990234375,9277.9677734375,18000702524,9248.37,9243.75,9248.29,4.540000000000873
2020-07-10,9273.357421875,9287.4716796875,9118.001953125,9278.8076171875,16860035604,9227.54,9228.63,9234.44,5.81000000000131
2020-07-11,9277.51171875,9293.5322265625,9199.4853515625,9240.3466796875,13249910444,9218.0,9218.0,9221.71,3.709999999999127
2020-07-12,9241.0546875,9319.4189453125,9197.4501953125,9276.5,14452361906,9296.16,9296.55,9299.37,2.820000000001528
2020-07-13,9277.205078125,9306.4052734375,9224.29296875,9243.6142578125,17519821266,9232.81,9232.81,9238.23,5.420000000000073
2020-07-14,9238.703125,9283.841796875,9171.6611328125,9243.2138671875,18085038362,9251.07,9251.07,9256.87,5.800000000001091
2020-07-15,9241.8974609375,9275.3251953125,9171.93359375,9192.8369140625,15844731575,9203.14,9198.97,9203.13,4.1599999999998545
2020-07-16,9191.98046875,9214.3125,9088.947265625,9132.2275390625,15713967522,9134.8,9131.42,9134.8,3.3799999999991996
2020-07-17,9131.8125,9182.25390625,9089.2021484375,9151.392578125,13944570749,9161.68,9161.68,9165.21,3.529999999998836
2020-07-18,9151.18359375,9230.9833984375,9100.82421875,9159.0400390625,12252601474,9167.83,9169.35,9172.6,3.25
2020-07-19,9158.005859375,9201.3984375,9097.6328125,9185.8173828125,12939002784,9194.72,9193.32,9194.72,1.3999999999996362
2020-07-20,9187.220703125,9214.2705078125,9137.509765625,9164.2314453125,13755604145,9168.57,9166.13,9168.59,2.460000000000946
2020-07-21,9162.5146484375,9407.2626953125,9149.3896484375,9374.8876953125,18069581955,9388.65,9385.16,9388.1,2.9400000000005093
2020-07-22,9375.080078125,9530.5185546875,9319.6533203125,9525.36328125,16532254884,9521.45,9520.75,9524.69,3.9400000000005093
2020-07-23,9527.1416015625,9610.2470703125,9483.00390625,9581.072265625,18146399001,9606.45,9601.82,9607.71,5.889999999999418
2020-07-24,9585.5146484375,9623.3369140625,9481.4541015625,9536.892578125,16552768324,9550.0,9550.0,9550.49,0.4899999999997817
2020-07-25,9539.4853515625,9704.556640625,9530.2119140625,9677.11328125,16610070932,9715.0,9710.26,9714.95,4.690000000000509
2020-07-26,9680.234375,10023.8076171875,9652.84765625,9905.1669921875,20507998996,9929.11,9927.07,9929.11,2.040000000000873
2020-07-27,9905.2177734375,11298.2216796875,9903.9697265625,10990.873046875,35359749590,11247.84,11235.09,11244.43,9.340000000000146
2020-07-28,11017.4638671875,11204.3271484375,10632.6318359375,10912.8232421875,28766551141,10964.01,10962.02,10969.43,7.4099999999998545
2020-07-29,10912.953125,11304.3974609375,10856.1416015625,11100.4677734375,24617249714,11257.71,11253.64,11257.71,4.069999999999709
2020-07-30,11099.8330078125,11169.3564453125,10895.455078125,11111.2138671875,22857247900,11189.0,11187.87,11189.35,1.4799999999995634
2020-07-31,11110.2109375,11415.8642578125,10987.0537109375,11323.466796875,23160469766,11312.82,11307.98,11314.23,6.25
2020-08-01,11322.5703125,11794.775390625,11239.6826171875,11759.5927734375,26075670302,11798.86,11793.72,11798.86,5.140000000001237
2020-08-02,11758.7646484375,12034.14453125,11018.1298828125,11053.6142578125,27410067336,11125.71,11116.36,11125.7,9.340000000000146
2020-08-03,11043.7685546875,11453.0791015625,11012.4150390625,11246.3486328125,20271713443,11222.2,11213.64,11223.33,9.69000000000051
2020-08-04,11246.203125,11385.3818359375,11094.1455078125,11205.892578125,21250197042,11234.07,11235.71,11240.12,4.4100000000016735
2020-08-05,11203.8232421875,11786.6171875,11158.28515625,11747.0224609375,24411254471,11640.02,11632.4,11640.02,7.6200000000008
2020-08-06,11749.87109375,11902.3359375,11598.7138671875,11779.7734375,23400740340,11792.64,11786.98,11792.64,5.6599999999998545
2020-08-07,11778.89453125,11898.0380859375,11408.59375,11601.47265625,23132312867,11596.23,11590.76,11599.46,8.699999999998909
2020-08-08,11604.5537109375,11800.064453125,11558.431640625,11754.0458984375,17572057837,11751.0,11748.92,11751.0,2.0799999999999272
2020-08-09,11737.3251953125,11806.056640625,11548.7841796875,11675.7392578125,17489608833,11686.49,11686.3,11688.83,2.530000000000655
2020-08-10,11662.2568359375,12045.140625,11662.2568359375,11878.111328125,26114112569,11827.47,11827.47,11831.06,3.5900000000001455
2020-08-11,11881.6474609375,11932.7109375,11195.708984375,11410.525390625,27039782639,11345.6,11345.61,11354.36,8.75
2020-08-12,11404.5966796875,11748.396484375,11249.60546875,11584.9345703125,25064548486,11550.11,11548.11,11555.07,6.959999999999127
2020-08-13,11588.4052734375,11796.396484375,11216.8720703125,11784.1376953125,27522199497,11746.51,11745.67,11751.55,5.8799999999992
2020-08-14,11772.6591796875,12150.994140625,11685.455078125,11768.87109375,24237958589,11789.31,11788.95,11792.59,3.639999999999418
2020-08-15,11768.697265625,11963.203125,11768.697265625,11865.6982421875,23354924400,11860.45,11859.84,11867.34,7.5
2020-08-16,11866.685546875,11934.9013671875,11737.1884765625,11892.8037109375,20583375490,11907.95,11906.84,11907.95,1.110000000000582
2020-08-17,11895.658203125,12359.056640625,11806.6962890625,12254.40234375,28227687026,12383.04,12383.04,12386.44,3.399999999999636
2020-08-18,12251.8955078125,12335.70703125,11954.525390625,11991.2333984375,26043227671,12048.83,12048.83,12052.38,3.5499999999992724
2020-08-19,11990.884765625,12028.923828125,11687.3330078125,11758.283203125,24502851117,11752.1,11747.26,11752.1,4.8400000000001455
2020-08-20,11761.5,11900.4111328125,11710.0634765625,11878.3720703125,20175242944,11830.59,11830.59,11836.0,5.4099999999998545
2020-08-21,11878.0263671875,11899.259765625,11564.9794921875,11592.4892578125,23762425998,11551.56,11543.94,11550.78,6.8400000000001455
2020-08-22,11585.4775390625,11689.4072265625,11448.8056640625,11681.8251953125,20224191305,11669.05,11670.48,11675.49,5.010000000000218
2020-08-23,11679.6962890625,11713.4296875,11559.9208984375,11664.84765625,18482062657,11645.73,11645.73,11654.98,9.25
2020-08-24,11663.689453125,11807.6318359375,11623.25,11774.595703125,20681511754,11752.73,11752.73,11762.05,9.319999999999709
2020-08-25,11773.5888671875,11778.2998046875,11189.8505859375,11366.134765625,26301509931,11358.31,11358.31,11361.97,3.6599999999998545
2020-08-26,11366.89453125,11530.052734375,11296.9931640625,11488.36328125,22466660957,11451.65,11451.75,11462.24,10.489999999999782
2020-08-27,11485.6083984375,11570.7861328125,11185.94140625,11323.3974609375,23240415075,11274.0,11269.98,11277.61,7.630000000001019
2020-08-28,11325.2958984375,11545.615234375,11316.4228515625,11542.5,19807127587,11477.42,11476.75,11484.2,7.450000000000728
2020-08-29,11541.0546875,11585.640625,11466.29296875,11506.865234375,17485597759,11479.01,11479.3,11485.59,6.290000000000873
2020-08-30,11508.7138671875,11715.2646484375,11492.3818359375,11711.505859375,19760127944,11660.0,11654.01,11660.0,5.989999999999782
2020-08-31,11713.306640625,11768.876953125,11598.318359375,11680.8203125,22285928250,11652.01,11652.01,11659.53,7.520000000000437
2020-09-01,11679.31640625,12067.0810546875,11601.12890625,11970.478515625,27311555343,11974.39,11973.55,11981.78,8.230000000001382
2020-09-02,11964.8232421875,11964.8232421875,11290.7939453125,11414.0341796875,28037405298,11444.37,11438.56,11444.37,5.81000000000131
2020-09-03,11407.19140625,11443.0224609375,10182.46484375,10245.296875,31927261554,10667.43,10669.5,10675.28,5.780000000000655
2020-09-04,10230.365234375,10663.919921875,10207.9404296875,10511.8134765625,29965130373,10469.26,10463.25,10469.26,6.010000000000218
2020-09-05,10512.5302734375,10581.5712890625,9946.67578125,10169.5673828125,44916565291,10005.13,9982.88,9984.51,1.6300000000010186
2020-09-06,10167.216796875,10353.927734375,10056.8857421875,10280.3515625,37071460174,10211.71,10211.39,10215.42,4.030000000000655
2020-09-07,10280.998046875,10399.1533203125,9916.4931640625,10369.5634765625,33703098409,10403.85,10398.47,10405.89,7.420000000000073
2020-09-08,10369.306640625,10414.775390625,9945.1103515625,10131.5166015625,33430927462,10111.63,10107.28,10115.63,8.349999999998545
2020-09-09,10134.1513671875,10350.54296875,10017.2509765625,10242.34765625,24128292754,10281.41,10273.64,10279.67,6.030000000000655
2020-09-10,10242.330078125,10503.912109375,10238.1357421875,10363.138671875,54406443210,10347.5,10345.36,10353.63,8.269999999998618
2020-09-11,10369.0283203125,10434.9228515625,10140.8369140625,10400.9150390625,45201121774,10370.05,10369.08,10372.85,3.7700000000004366
2020-09-12,10409.861328125,10578.837890625,10292.38671875,10442.1708984375,36750077323,10439.9,10440.15,10445.3,5.149999999999636
2020-09-13,10452.3994140625,10577.21484375,10224.330078125,10323.755859375,36506852789,10310.98,10306.35,10310.04,3.6900000000005093
2020-09-14,10328.734375,10800.0107421875,10266.0087890625,10680.837890625,35453581939,10650.34,10647.63,10653.85,6.220000000001164
2020-09-15,10677.7548828125,10938.6318359375,10656.4599609375,10796.951171875,32509451925,10778.76,10774.25,10778.36,4.110000000000582
2020-09-16,10797.76171875,11100.1240234375,10704.884765625,10974.9052734375,30769986454,11021.9,11020.46,11025.47,5.010000000000218
2020-09-17,10973.251953125,11037.4208984375,10774.6279296875,10948.990234375,38151810523,10921.72,10921.7,10927.34,5.639999999999418
2020-09-18,10951.8203125,11034.908203125,10829.6572265625,10944.5859375,26341903912,10933.85,10933.86,10940.11,6.25
2020-09-19,10933.7529296875,11134.0927734375,10909.6181640625,11094.3466796875,22764204007,11066.19,11062.39,11066.19,3.8000000000010914
2020-09-20,11095.8701171875,11095.8701171875,10814.4775390625,10938.271484375,24699523787,10878.5,10876.88,10878.5,1.6200000000008004
2020-09-21,10934.92578125,10988.3046875,10380.2607421875,10462.259765625,28884999243,10482.95,10480.4,10486.23,5.829999999999927
2020-09-22,10459.6240234375,10568.0771484375,10382.7265625,10538.4599609375,23621787803,10511.75,10505.19,10512.89,7.699999999998909
2020-09-23,10539.45703125,10637.84765625,10185.7744140625,10225.8642578125,22986733996,10263.58,10263.16,10267.89,4.729999999999563
2020-09-24,10227.4794921875,10765.794921875,10215.205078125,10745.548828125,23017536741,10770.0,10765.83,10770.0,4.170000000000073
2020-09-25,10747.47265625,10757.548828125,10594.0478515625,10702.2900390625,21232549821,10689.6,10689.6,10693.53,3.930000000000291
2020-09-26,10702.2373046875,10778.5,10682.08203125,10754.4375,18105012128,10735.0,10735.0,10736.05,1.0499999999992724
2020-09-27,10752.939453125,10804.732421875,10643.4580078125,10774.4267578125,18016880214,10752.05,10752.11,10752.12,0.010000000000218279
2020-09-28,10771.6416015625,10949.123046875,10716.6767578125,10721.3271484375,22720365388,10863.39,10863.52,10866.1,2.5799999999999272
2020-09-29,10712.462890625,10858.939453125,10665.3447265625,10848.830078125,20459870041,10765.43,10766.42,10770.17,3.75
2020-09-30,10845.4111328125,10856.5283203125,10689.6708984375,10787.6181640625,20759622009,10742.51,10743.39,10748.09,4.700000000000728
2020-10-01,10785.0107421875,10915.84375,10493.552734375,10623.330078125,27178227815,10604.95,10603.55,10608.58,5.030000000000655
2020-10-02,10624.390625,10662.8134765625,10440.3115234375,10585.1640625,23127839259,10558.05,10556.45,10563.49,7.039999999999054
2020-10-03,10583.806640625,10614.091796875,10527.978515625,10565.4931640625,17094010304,10558.32,10562.29,10566.71,4.419999999998254
2020-10-04,10567.919921875,10700.791015625,10531.3427734375,10684.4287109375,17546792791,10661.17,10659.26,10664.38,5.119999999998981
2020-10-05,10688.0341796875,10804.0009765625,10646.443359375,10804.0009765625,19385191766,10754.51,10754.18,10757.2,3.0200000000004366
2020-10-06,10799.7783203125,10803.4560546875,10565.197265625,10621.6640625,22264958686,10589.65,10584.68,10589.52,4.8400000000001455
2020-10-07,10619.8037109375,10687.2685546875,10591.9638671875,10679.13671875,17634388529,10657.23,10657.0,10660.38,3.3799999999991996
2020-10-08,10677.625,10939.7998046875,10569.8232421875,10923.6279296875,21962121001,10902.0,10898.38,10904.37,5.990000000001601
2020-10-09,10925.4443359375,11105.849609375,10862.974609375,11079.4658203125,22593173917,11076.94,11077.79,11082.98,5.18999999999869
2020-10-10,11059.142578125,11442.2109375,11056.9404296875,11296.361328125,22877978587,11356.85,11349.25,11352.65,3.399999999999636
2020-10-11,11296.08203125,11428.8134765625,11288.6279296875,11384.181640625,19968627059,11355.49,11359.13,11362.12,2.9900000000016007
2020-10-12,11392.6357421875,11698.4677734375,11240.6865234375,11555.36328125,26163972641,11661.36,11661.46,11667.07,5.610000000000582
2020-10-13,11548.7197265625,11548.984375,11321.224609375,11425.8994140625,24241420250,11439.85,11439.91,11445.22,5.309999999999491
2020-10-14,11429.0478515625,11539.9775390625,11307.8310546875,11429.5068359375,24103426719,11401.81,11401.73,11406.5,4.770000000000437
2020-10-15,11426.6025390625,11569.9140625,11303.603515625,11495.349609375,24487233057,11484.49,11484.13,11488.91,4.780000000000655
2020-10-16,11502.828125,11540.0615234375,11223.0126953125,11322.123046875,25635480771,11351.75,11351.86,11355.32,3.459999999999127
2020-10-17,11322.123046875,11386.26171875,11285.345703125,11358.1015625,19130430173,11343.33,11343.34,11350.21,6.869999999998981
2020-10-18,11355.982421875,11483.359375,11347.578125,11483.359375,18283314340,11468.46,11462.61,11466.98,4.369999999998981
2020-10-19,11495.0380859375,11799.0927734375,11408.2900390625,11742.037109375,23860769927,11742.63,11740.8,11744.1,3.3000000000010914
2020-10-20,11745.974609375,11999.91796875,11681.48046875,11916.3349609375,30915821592,11966.85,11963.68,11970.78,7.100000000000364
2020-10-21,11913.0771484375,13184.56640625,11900.9287109375,12823.689453125,43414712626,13224.1,13219.28,13224.1,4.819999999999709
2020-10-22,12801.6357421875,13161.59375,12717.09375,12965.8916015625,34729759598,13019.12,13007.79,13022.78,14.989999999999782
2020-10-23,12971.548828125,13015.9619140625,12752.6474609375,12931.5390625,28974975002,12955.0,12949.5,12955.0,5.5
2020-10-24,12931.57421875,13145.06640625,12885.7470703125,13108.0625,24542317939,13080.67,13082.34,13087.37,5.030000000000655
2020-10-25,13108.0634765625,13329.18359375,12910.0615234375,13031.173828125,24406920575,13016.05,13015.48,13021.84,6.360000000000582
2020-10-26,13031.201171875,13225.2978515625,12822.3828125,13075.248046875,29461458313,13051.53,13053.14,13057.59,4.450000000000728
2020-10-27,13075.2421875,13759.6689453125,13060.837890625,13654.21875,33749878155,13731.68,13731.68,13736.95,5.270000000000437
2020-10-28,13654.21484375,13837.6953125,12932.2509765625,13271.28515625,35867318894,13268.75,13266.45,13268.75,2.2999999999992724
2020-10-29,13271.298828125,13612.0478515625,12980.0595703125,13437.8828125,56499499598,13411.86,13413.35,13416.39,3.039999999999054
2020-10-30,13437.8740234375,13651.5166015625,13136.1982421875,13546.5224609375,30581485200,13577.6,13572.18,13581.82,9.639999999999418
2020-10-31,13546.5322265625,14028.2138671875,13457.5302734375,13780.9951171875,30306464718,13879.14,13878.39,13887.22,8.829999999999927
2020-11-01,13780.9951171875,13862.033203125,13628.3779296875,13737.109375,24453857900,13711.21,13700.59,13711.21,10.619999999998981
2020-11-02,13737.0322265625,13808.3232421875,13243.16015625,13550.4892578125,30771455467,,,,
2020-11-03,13550.451171875,13984.9814453125,13325.44140625,13950.30078125,29869951617,13563.72,13570.69,13578.98,8.289999999999054
2020-11-04,13950.48828125,14218.7666015625,13580.4716796875,14133.70703125,35116364961,14041.58,14030.89,14041.58,10.69000000000051
2020-11-05,14133.7333984375,15706.404296875,14102.0888671875,15579.8486328125,40856321438,14160.59,14162.68,14171.73,9.049999999999272
2020-11-06,15579.7294921875,15903.4375,15226.83984375,15565.880859375,39837841971,15605.04,15603.49,15608.32,4.829999999999927
2020-11-07,15565.880859375,15737.095703125,14423.203125,14833.75390625,35024953705,15598.09,15598.1,15603.23,5.1299999999992
2020-11-08,14833.75390625,15637.3203125,14744.1103515625,15479.5673828125,26632075028,14838.97,14832.01,14842.7,10.69000000000051
2020-11-09,15479.595703125,15785.13671875,14865.529296875,15332.3154296875,34149115565,15489.15,15480.45,15490.09,9.639999999999418
2020-11-10,15332.3505859375,15450.3291015625,15124.9599609375,15290.90234375,25574938143,15332.04,15335.5,15348.95,13.450000000000728
2020-11-11,15290.9091796875,15916.2607421875,15290.0068359375,15701.33984375,29772374934,15313.65,15313.87,15317.81,3.9399999999986903
2020-11-12,15701.298828125,16305.00390625,15534.771484375,16276.34375,34175758344,15702.0,15696.48,15703.4,6.920000000000073
2020-11-13,16276.4404296875,16463.177734375,15992.15234375,16317.80859375,31599492172,16300.0,16297.91,16300.0,2.0900000000001455
2020-11-14,16317.80859375,16317.80859375,15749.193359375,16068.138671875,27481710135,16335.58,16335.58,16339.27,3.6900000000005093
2020-11-15,16068.1396484375,16123.1103515625,15793.5341796875,15955.587890625,23653867582,16086.34,16087.77,16094.81,7.039999999999054
2020-11-16,15955.5771484375,16816.181640625,15880.7060546875,16716.111328125,31526766675,15975.49,15969.41,15973.22,3.8099999999994907
2020-11-17,16685.69140625,17782.919921875,16564.544921875,17645.40625,39006849169,16724.62,16719.84,16729.63,9.790000000000873
2020-11-18,17645.19140625,18393.94921875,17352.90625,17804.005859375,49064800277,17681.77,17670.67,17680.5,9.830000000001746
2020-11-19,17803.861328125,18119.546875,17382.5546875,17817.08984375,36985055355,17785.95,17783.71,17792.96,9.25
2020-11-20,17817.083984375,18773.2265625,17765.794921875,18621.314453125,36992873939,17819.37,17817.05,17819.42,2.3699999999989814
2020-11-21,18621.31640625,18936.62109375,18444.359375,18642.232421875,39650210707,18685.08,18674.71,18681.69,6.979999999999563
2020-11-22,18642.232421875,18688.96875,17671.384765625,18370.001953125,41280434225,18727.94,18717.22,18726.19,8.969999999997526
2020-11-23,18370.017578125,18711.42578125,18000.796875,18364.12109375,42741112307,18439.2,18433.02,18440.85,7.829999999998108
2020-11-24,18365.015625,19348.271484375,18128.65625,19107.46484375,51469565008,18386.92,18382.19,18386.92,4.729999999999563
2020-11-25,19104.41015625,19390.96484375,18581.146484375,18732.12109375,43710357371,19160.85,19166.91,19179.2,12.290000000000873
2020-11-26,18729.83984375,18866.28515625,16351.03515625,17150.623046875,61396835736,18727.26,18715.21,18724.46,9.25
2020-11-27,17153.9140625,17445.0234375,16526.423828125,17108.40234375,38886494645,17168.31,17168.31,17170.24,1.930000000000291
2020-11-28,17112.93359375,17853.939453125,16910.65234375,17717.4140625,32601040733,17154.39,17146.55,17156.24,9.690000000002328
2020-11-29,17719.634765625,18283.62890625,17559.1171875,18177.484375,31133957704,17741.79,17728.25,17737.49,9.2400000000016
2020-11-30,18178.322265625,19749.263671875,18178.322265625,19625.8359375,47728480399,18192.03,18194.28,18196.75,2.470000000001164
2020-12-01,19633.76953125,19845.974609375,18321.921875,18802.998046875,49633658712,19700.19,19703.53,19714.75,11.220000000001164
2020-12-02,18801.744140625,19308.330078125,18347.71875,19201.091796875,37387697138,18771.43,18773.2,18785.41,12.209999999999127
2020-12-03,19205.92578125,19566.19140625,18925.78515625,19445.3984375,31930317405,19220.09,19208.67,19220.09,11.420000000001892
2020-12-04,19446.966796875,19511.404296875,18697.193359375,18699.765625,33872388057,19439.94,19439.94,19447.98,8.040000000000873
2020-12-05,18698.384765625,19160.44921875,18590.193359375,19154.23046875,27242455063,18650.08,18636.94,18656.03,19.090000000000146
2020-12-06,19154.1796875,19390.5,18897.89453125,19345.12109375,25293775714,19162.34,19150.14,19163.95,13.81000000000131
2020-12-07,19343.12890625,19411.828125,18931.142578125,19191.630859375,26896357742,19380.58,19367.0,19383.43,16.43000000000029
2020-12-08,19191.529296875,19283.478515625,18269.9453125,18321.14453125,31692288756,19173.5,19173.5,19183.13,9.630000000001019
2020-12-09,18320.884765625,18626.29296875,17935.546875,18553.916015625,34420373071,18303.23,18303.23,18313.05,9.819999999999709
2020-12-10,18553.298828125,18553.298828125,17957.064453125,18264.9921875,25547132265,18546.34,18542.85,18552.49,9.640000000003056
2020-12-11,18263.9296875,18268.453125,17619.533203125,18058.904296875,27919640985,18257.45,18253.78,18257.45,3.6700000000018917
2020-12-12,18051.3203125,18919.55078125,18046.041015625,18803.65625,21752580802,18039.38,18030.38,18041.31,10.930000000000291
2020-12-13,18806.765625,19381.53515625,18734.33203125,19142.3828125,25450468637,18806.83,18805.73,18815.49,9.760000000002037
2020-12-14,19144.4921875,19305.099609375,19012.708984375,19246.64453125,22473997681,19162.36,19151.82,19156.95,5.130000000001019
2020-12-15,19246.919921875,19525.0078125,19079.841796875,19417.076171875,26741982541,19275.32,19268.94,19275.32,6.380000000001019
2020-12-16,19418.818359375,21458.908203125,19298.31640625,21310.59765625,44409011479,19432.08,19434.22,19442.08,7.860000000000582
2020-12-17,21308.3515625,23642.66015625,21234.67578125,22805.162109375,71378606374,21358.96,21352.33,21367.19,14.859999999996944
2020-12-18,22806.796875,23238.6015625,22399.8125,23137.9609375,40387896275,22811.79,22821.08,22826.27,5.18999999999869
2020-12-19,23132.865234375,24085.85546875,22826.47265625,23869.83203125,38487546580,23136.14,23139.24,23142.05,2.8099999999976717
2020-12-20,23861.765625,24209.66015625,23147.7109375,23477.294921875,37844228422,23842.99,23836.04,23851.81,15.770000000000437
2020-12-21,23474.455078125,24059.982421875,22159.3671875,22803.08203125,45852713981,23470.85,23470.0,23479.31,9.31000000000131
2020-12-22,22794.0390625,23789.90234375,22430.60546875,23783.029296875,44171632681,22732.01,22726.73,22741.58,14.850000000002183
2020-12-23,23781.974609375,24024.490234375,22802.646484375,23241.345703125,51146161904,23835.1,23815.37,23829.88,14.510000000002037
2020-12-24,23240.203125,23768.337890625,22777.59765625,23735.94921875,41080759713,23247.71,23213.14,23231.69,18.549999999999272
2020-12-25,23733.5703125,24710.1015625,23463.673828125,24664.791015625,42068395846,23726.28,23723.55,23740.21,16.659999999999854
2020-12-26,24677.015625,26718.0703125,24522.689453125,26437.037109375,48332647295,24714.01,24695.3,24718.17,22.86999999999898
2020-12-27,26439.373046875,28288.83984375,25922.76953125,26272.294921875,66479895605,26472.89,26459.66,26479.49,19.830000000001746
2020-12-28,26280.822265625,27389.111328125,26207.640625,27084.80859375,49056742893,26242.81,26229.8,26252.81,23.010000000002037
2020-12-29,27081.810546875,27370.720703125,25987.298828125,27362.4375,45265946774,27037.9,27032.55,27037.9,5.350000000002183
2020-12-30,27360.08984375,28937.740234375,27360.08984375,28840.953125,51287442704,27392.36,27369.48,27392.36,22.88000000000102
